{"examples": [{"input": [4, 9, 9, 0, 8, 6, 10], "target": [6, 8, 0, 9, 9, 4, 11], "pred": [6, 8, 0, 9, 9, 4, 11], "correct": true, "attn_layer0": [[[8.14656953007642e-11, 1.3694219660465023e-06, 4.01101851821295e-06, 7.020231714705005e-05, 1.851152592280414e-05, 0.9999042749404907, 1.6580376041019917e-06], [5.285273232402687e-07, 1.169774986919947e-05, 9.315317583968863e-06, 3.520306108839577e-06, 0.9999746084213257, 3.2445998954244715e-07, 6.427371523898273e-09], [4.316818012739532e-05, 9.365062578581274e-05, 3.0084387617534958e-05, 0.9990540146827698, 0.00016129380674101412, 2.1535781343118288e-05, 0.0005963359144516289], [0.0006277108914218843, 3.152769068037742e-07, 0.9990885257720947, 4.246337994118221e-06, 0.00026720832102000713, 1.4641386769653764e-08, 1.1862380233651493e-05], [5.027383167544031e-07, 0.9988006353378296, 1.2782731573679484e-05, 1.2595900443557184e-05, 3.577949246391654e-05, 9.461756462769699e-07, 0.0011367511469870806], [1.0, 1.66056839390194e-08, 4.105031869983122e-09, 1.7327314028037222e-09, 4.802784836499541e-09, 3.111864654847807e-10, 8.275943486069082e-09], [0.027000170201063156, 1.1253511729591992e-05, 1.5638190234312788e-05, 0.009575311094522476, 0.001984028611332178, 0.961378276348114, 3.527600711095147e-05]], [[0.00503759179264307, 0.004710108041763306, 0.04252501204609871, 0.027331188321113586, 0.27176353335380554, 0.6446509957313538, 0.003981617745012045], [2.8390770239639096e-05, 2.1845769424544415e-06, 1.0403879969089758e-05, 1.4800727967667626e-06, 8.043847365968304e-09, 6.796226443839259e-07, 0.9999568462371826], [8.943971624830738e-05, 3.809113331953995e-05, 9.225674875779077e-05, 2.3145783416111954e-05, 4.273627212114661e-07, 6.228347046999261e-05, 0.9996943473815918], [0.049528513103723526, 0.00017648014181759208, 0.9262455105781555, 0.0061853607185184956, 0.01387843955308199, 0.0031147359404712915, 0.0008709148969501257], [0.0021858145482838154, 0.23222839832305908, 0.41206005215644836, 0.007053820416331291, 0.3256746530532837, 0.019307386130094528, 0.001489817164838314], [0.004205401986837387, 6.749804015271366e-05, 0.0072916834615170956, 0.00484388368204236, 0.9788387417793274, 0.004751871339976788, 8.827952910905879e-07], [1.7585232825467756e-08, 8.743837724978221e-07, 2.2932819532250903e-10, 7.879891938955552e-08, 1.6365919730532141e-10, 3.5180499935449916e-07, 0.9999986886978149]], [[5.9482425740498e-07, 9.535671665616974e-07, 0.00034051286638714373, 0.028362629935145378, 3.559966353350319e-05, 0.3001646101474762, 0.671095073223114], [0.0008387306588701904, 0.005185201298445463, 0.0003255278570577502, 0.00032813544385135174, 0.12027831375598907, 0.00022519299818668514, 0.8728188872337341], [2.747383769019507e-05, 0.0005758082843385637, 0.00010665022273315117, 0.9829035401344299, 4.431355137057835e-06, 0.00042369443690404296, 0.015958411619067192], [0.000884359295014292, 1.3899369832870434e-06, 0.15251874923706055, 0.034727077931165695, 7.861858648539055e-07, 1.8038052758129197e-06, 0.8118658661842346], [0.004072010051459074, 0.9553167819976807, 0.00015405117301270366, 0.006020334083586931, 0.011719126254320145, 8.4638137195725e-05, 0.022633187472820282], [0.9999151229858398, 1.2222185432619881e-05, 6.383607251336798e-05, 2.9293784109540866e-07, 6.6471279751567636e-06, 9.325308383267839e-07, 8.111895795082091e-07], [3.663893949124031e-05, 0.0029289021622389555, 0.00017877171922009438, 0.9887280464172363, 9.251617484551389e-06, 0.008080250583589077, 3.8169859180925414e-05]], [[7.550544911527624e-11, 2.9095681952640007e-07, 3.028190121767693e-06, 0.009514926001429558, 1.5650541627110215e-06, 0.9904706478118896, 9.558882084093057e-06], [5.160622458788566e-05, 0.0068724979646503925, 1.9959503333666362e-05, 0.00013397769362200052, 0.992760181427002, 0.00015869797789491713, 3.0266830890468555e-06], [4.487242222239729e-08, 0.0009459078428335488, 9.246692300735049e-09, 0.9988435506820679, 2.5537585770507576e-06, 0.0001451637945137918, 6.285080598900095e-05], [0.00011629030632320791, 8.484142881570733e-07, 0.9994887113571167, 3.462069798843004e-06, 0.00038920980296097696, 1.479950128668861e-06, 5.4282327965893273e-08], [5.357582608667144e-07, 0.9999246597290039, 1.2256378134622992e-08, 2.9833304324711207e-06, 7.166196155594662e-05, 8.620906655210092e-09, 2.0535645717245643e-07], [0.9999088048934937, 8.012671969481744e-06, 6.187354301800951e-05, 2.4133157694450347e-06, 1.5207918295345735e-05, 8.961207775826097e-09, 3.670102842079359e-06], [0.0021645708475261927, 4.351221832621377e-06, 1.4337965694721788e-05, 2.2409428765968187e-06, 4.7358557253573963e-07, 0.0008557167020626366, 0.9969583749771118]]]}, {"input": [8, 2, 7, 8, 1, 3, 10], "target": [3, 1, 8, 7, 2, 8, 11], "pred": [3, 1, 8, 7, 2, 8, 11], "correct": true, "attn_layer0": [[[2.530194283256737e-11, 3.589337049803021e-09, 3.370954004822124e-07, 2.1084501895529684e-06, 1.4921751017027418e-06, 0.9999912977218628, 4.7466610340052284e-06], [1.6937971167862997e-06, 9.11705592443468e-06, 1.6265672456938773e-05, 7.652754902665038e-06, 0.9999144077301025, 5.033455090597272e-05, 6.555878258041048e-07], [2.2323916709865443e-05, 0.00024669390404596925, 0.0013165755663067102, 0.9905844330787659, 0.00012839326518587768, 0.000522417132742703, 0.007179263513535261], [1.9803290342679247e-05, 1.0710657250001532e-07, 0.9999264478683472, 4.340918621892342e-06, 1.3117804883222561e-05, 2.72987648486378e-07, 3.5958539228886366e-05], [5.795077595394105e-05, 0.9999237060546875, 9.564627134750481e-08, 9.103690899792127e-06, 7.259632184286602e-06, 5.465601304877055e-09, 1.9083338429481955e-06], [0.9999940395355225, 3.0829396564513445e-06, 5.827252493872948e-07, 2.985407121514072e-08, 9.96570292954857e-09, 5.360787334873773e-12, 2.2170456759340595e-06], [0.0022233561612665653, 7.824030035408214e-06, 1.8473307136446238e-05, 0.0049813613295555115, 0.0005607768543995917, 0.9921379685401917, 7.022735371720046e-05]], [[0.0004102105740457773, 0.0016900221817195415, 0.003431573510169983, 0.0024735985789448023, 0.5667818188667297, 0.42505088448524475, 0.00016198749653995037], [0.129581481218338, 0.0024040532298386097, 0.6091179847717285, 0.04526345059275627, 0.023503776639699936, 0.01716093346476555, 0.17296825349330902], [3.9623637348995544e-07, 3.51180733559886e-06, 1.0199509148378638e-07, 2.677990096344729e-07, 1.7099610261084308e-07, 1.0888055840041488e-05, 0.999984622001648], [0.0029990680050104856, 1.1874196388816927e-05, 0.9825208783149719, 0.001001769327558577, 0.01190740056335926, 0.001537407748401165, 2.1555551938945428e-05], [0.003027189988642931, 0.011104694567620754, 0.9767817854881287, 0.0012953911209478974, 0.001076413202099502, 0.0006064578774385154, 0.006108100526034832], [0.028900939971208572, 0.0037358764093369246, 0.44963765144348145, 0.02968338131904602, 0.4445578455924988, 0.043180301785469055, 0.0003040484443772584], [4.537838904639102e-08, 1.4863110209262231e-06, 1.5339178816020649e-09, 8.076514745880559e-08, 7.362152665280064e-09, 2.2054750843381044e-06, 0.9999961853027344]], [[2.3317505792874726e-07, 1.6565000748869352e-07, 1.550516208226327e-05, 0.00010629548341967165, 7.517707854276523e-05, 0.9992244243621826, 0.0005782010848633945], [1.0233836746920133e-06, 2.118979136866983e-05, 0.0008177971467375755, 1.708147124190873e-06, 0.9474859833717346, 0.01097007468342781, 0.040702275931835175], [2.4282062440761365e-05, 0.00028966349782422185, 0.002776464680209756, 0.9069933295249939, 6.161962119222153e-06, 0.04477444663643837, 0.045135680586099625], [8.961113053373992e-05, 9.738371318235295e-07, 0.6170995235443115, 0.00022529333364218473, 0.0001889965496957302, 0.011064380407333374, 0.37133118510246277], [0.0007733674719929695, 0.9970071911811829, 2.6696143322624266e-05, 0.00013967011182103306, 0.0017073885537683964, 6.643610959145008e-06, 0.00033901017741300166], [0.9988477230072021, 0.0005625498597510159, 0.0005596424452960491, 1.7717344235279597e-05, 3.305522795926663e-06, 7.315784866790409e-09, 9.06493096408667e-06], [2.462248994561378e-05, 0.0005003813421353698, 3.981374902650714e-06, 0.999393105506897, 1.1122658349904668e-07, 7.612449553562328e-05, 1.6357383856302476e-06]], [[3.697164449589785e-11, 4.724389413013341e-08, 1.384678853355581e-06, 9.050443736668967e-07, 1.594682180439122e-05, 0.9999583959579468, 2.3421383957611397e-05], [5.367071025830228e-06, 0.00044671670184470713, 9.745303941599559e-06, 0.0002742191427387297, 0.9985961318016052, 0.0006662931409664452, 1.6029723610699875e-06], [1.0568169273028616e-05, 0.01705925166606903, 2.7920075808651745e-05, 0.964028000831604, 0.00011279778118478134, 0.016266057267785072, 0.0024954096879810095], [1.575299938849639e-05, 2.185549419664312e-06, 0.9995189905166626, 7.500821652683953e-07, 0.00045107281766831875, 9.55945324676577e-06, 1.6375536233681487e-06], [0.00014995191304478794, 0.9959673881530762, 2.282433655409477e-07, 0.0036424698773771524, 0.0002390176523476839, 1.0503134717509965e-07, 8.599992042945814e-07], [0.9999948740005493, 1.4756626569578657e-06, 2.517419488867745e-06, 5.96705660882435e-07, 1.8966875359183177e-07, 2.3053411610240993e-11, 3.907287577931129e-07], [0.0009584947256371379, 6.275281521084253e-06, 2.8243817723705433e-05, 4.955577992404869e-07, 6.688512712571537e-06, 0.00028064931393601, 0.9987192153930664]]]}, {"input": [3, 0, 0, 0, 1, 5, 10], "target": [5, 1, 0, 0, 0, 3, 11], "pred": [5, 1, 0, 0, 0, 3, 11], "correct": true, "attn_layer0": [[[8.913668914090067e-09, 8.947682545112912e-06, 1.2811146007152274e-05, 0.00011775497114285827, 0.000393677968531847, 0.9993983507156372, 6.835000385763124e-05], [7.054562502162298e-06, 6.410245987353846e-05, 7.943065611470956e-06, 3.917527010344202e-06, 0.9999041557312012, 1.2901084119221196e-05, 3.504328915937549e-08], [0.0017056848155334592, 3.494186603347771e-05, 2.3804329885024345e-06, 0.9941983222961426, 5.394964318838902e-05, 2.5851843020063825e-05, 0.0039788661524653435], [0.0015873932279646397, 3.844058653612592e-07, 0.9982786178588867, 3.6536514471663395e-06, 0.00011964271106990054, 1.499684998407247e-07, 1.020667787088314e-05], [1.2510796295828186e-05, 0.9999312162399292, 2.2322224424442538e-07, 1.0094121535075828e-05, 3.5792058042716235e-05, 6.867865067761159e-07, 9.408629921381362e-06], [0.9999769926071167, 1.0359526640968397e-05, 3.2480070899509883e-07, 1.0124069831363158e-06, 9.840497483537547e-08, 2.993925329874969e-09, 1.1232084034418222e-05], [0.09641409665346146, 0.00015171551785897464, 0.0002651995746418834, 0.1338595747947693, 0.003937853500247002, 0.7648784518241882, 0.0004931465373374522]], [[6.14203599980101e-05, 5.596106348093599e-05, 0.001453804667107761, 0.00034455329296179116, 0.04937981814146042, 0.9487034678459167, 8.512957947459654e-07], [0.005922726355493069, 0.01825777068734169, 0.02249363251030445, 0.0043169655837118626, 0.01274510845541954, 0.028527583926916122, 0.9077361822128296], [0.004294981248676777, 0.06124370917677879, 0.03657934069633484, 0.008295884355902672, 0.11160208284854889, 0.7043248414993286, 0.07365912944078445], [0.0005595649708993733, 0.0002095737581839785, 0.9905051589012146, 0.001165926456451416, 0.0013363895704969764, 0.006059298291802406, 0.00016416549624409527], [0.008237723261117935, 0.18498584628105164, 0.7873932123184204, 0.0031120076309889555, 0.0023793953005224466, 0.0003900373703800142, 0.013501865789294243], [0.015306671150028706, 0.763117790222168, 0.05211767554283142, 0.019722456112504005, 0.09826119244098663, 0.041951119899749756, 0.009523083455860615], [7.576174994028406e-07, 8.216032654217997e-08, 2.7544848346661155e-11, 7.879894781126495e-08, 7.362173537472927e-09, 1.3084203054347654e-08, 0.9999990463256836]], [[6.939102604519576e-06, 0.001000171760097146, 0.030181987211108208, 0.36599040031433105, 0.0025355268735438585, 0.24124467372894287, 0.35904040932655334], [0.00010091721196658909, 0.0026223682798445225, 0.00016890834376681596, 0.0006455323891714215, 0.07866501063108444, 0.0017738129245117307, 0.9160234928131104], [8.333416189998388e-06, 1.1670636922644917e-05, 2.840262823156081e-06, 0.9919323325157166, 2.7090334242529934e-07, 0.00012686848640441895, 0.00791774969547987], [7.745218681520782e-06, 8.97866630111821e-06, 0.8699622750282288, 0.005333407316356897, 5.514159511221806e-07, 2.1274573214213888e-07, 0.12468688935041428], [0.00441388227045536, 0.9920586943626404, 1.8271300632477505e-06, 0.00029991305200383067, 0.002683281898498535, 9.731909813126549e-06, 0.0005327785038389266], [0.9999178647994995, 6.231996667338535e-05, 9.205434253090061e-06, 3.1507374842476565e-07, 9.311706890002824e-06, 2.543851351788362e-08, 9.637386710892315e-07], [4.449574407772161e-05, 0.00012461062578950077, 8.600281034887303e-06, 0.9964849948883057, 2.6158284072153037e-06, 0.0032961571123450994, 3.846931576845236e-05]], [[2.3402237925296276e-09, 2.0803804545721505e-07, 2.618012331367936e-06, 0.0011032535694539547, 2.9526675007218728e-06, 0.9988856911659241, 5.281968242343282e-06], [6.813670097471913e-06, 8.524873010173906e-06, 3.718702714650135e-07, 5.783938831882551e-06, 0.9999629259109497, 1.5118749615794513e-05, 4.3478280531417113e-07], [8.035447535803542e-06, 0.00024029015912674367, 5.908924549657968e-08, 0.9993532299995422, 1.2544567653094418e-05, 9.57898810156621e-05, 0.0002901193220168352], [7.644268771400675e-05, 1.050441483130271e-06, 0.9993461966514587, 1.8883107259171084e-05, 0.0005409877048805356, 1.6210880858125165e-05, 2.960714482469484e-07], [8.292627899209037e-05, 0.9972435235977173, 3.319237507071193e-08, 0.0023371668066829443, 0.0003345124132465571, 5.619206717710767e-07, 1.2035947065669461e-06], [0.9998165965080261, 9.04896660358645e-06, 7.802523032296449e-05, 2.879114333609323e-07, 1.1352912224538159e-05, 5.555607640594928e-10, 8.477640221826732e-05], [0.0044327108189463615, 3.1208332075038925e-05, 0.00011282399646006525, 2.2369890757545363e-06, 6.6649399741436355e-06, 0.00021496550471056253, 0.9951993823051453]]]}, {"input": [1, 2, 8, 2, 8, 4, 10], "target": [4, 8, 2, 8, 2, 1, 11], "pred": [4, 8, 2, 8, 2, 1, 11], "correct": true, "attn_layer0": [[[3.3231908336261995e-09, 6.254350637391326e-07, 5.981658546261315e-07, 4.645716762752272e-05, 1.8830742192221805e-05, 0.9999316930770874, 1.765969841471815e-06], [8.199533112929203e-06, 1.4178646779328119e-05, 3.162080611218698e-05, 3.719914047906059e-06, 0.999815046787262, 0.00012621018686331809, 1.019554815684387e-06], [5.7402398851991165e-06, 2.3508602680522017e-05, 0.0002965055173262954, 0.9831123948097229, 1.3215696526458487e-05, 0.00017453698092140257, 0.016374044120311737], [5.057240559835918e-05, 1.6142158187903988e-07, 0.9998842477798462, 3.453146518950234e-06, 3.607848339015618e-05, 8.850392418935371e-07, 2.4558939912822098e-05], [5.6731274526100606e-05, 0.9995266199111938, 5.5250575314858e-06, 8.83113534655422e-05, 9.85224232863402e-06, 3.7878542968883266e-08, 0.0003130159748252481], [0.9999679327011108, 2.081127604469657e-05, 7.0346827669709455e-06, 1.7928750821738504e-06, 1.2872975219124783e-07, 2.326971948463097e-09, 2.256285597468377e-06], [5.372750456444919e-05, 1.7149028508356423e-06, 3.2680352433089865e-06, 0.0006845691241323948, 0.0008657334838062525, 0.998375654220581, 1.5392732166219503e-05]], [[0.010443512350320816, 0.015116372145712376, 0.4653453826904297, 0.007449928671121597, 0.24495211243629456, 0.23743698000907898, 0.019255759194493294], [0.12850578129291534, 0.0029155483935028315, 0.33896738290786743, 0.02087457664310932, 0.031442176550626755, 0.26752498745918274, 0.20976963639259338], [0.004982820246368647, 0.008898654021322727, 0.0844307616353035, 0.00528546329587698, 0.4958251714706421, 0.39559170603752136, 0.004985491745173931], [0.00799411628395319, 2.0735731141030556e-06, 0.9741786122322083, 0.00022008121595717967, 0.001699317479506135, 0.015896303579211235, 9.507031791144982e-06], [0.0014131258940324187, 0.06575968861579895, 0.3696499168872833, 0.002276779618114233, 0.5442858934402466, 0.014124730601906776, 0.0024898676201701164], [0.023809876292943954, 0.010097773745656013, 0.701867938041687, 0.008831733837723732, 0.17268106341362, 0.07482272386550903, 0.007888821884989738], [1.4425284007302253e-06, 1.4863093156236573e-06, 2.5665606792624196e-11, 1.9998876723548165e-06, 1.6365858668265787e-10, 7.526880807517955e-08, 0.9999949932098389]], [[2.3916883947094902e-05, 0.0006427955813705921, 3.667460259748623e-05, 0.015404190868139267, 0.014166368171572685, 0.9639462232589722, 0.005779786966741085], [1.3924312952440232e-05, 6.078352816984989e-05, 3.3301002986263484e-05, 4.776749165102956e-07, 0.7817752361297607, 0.10136054456233978, 0.11675575375556946], [1.2828410035581328e-05, 0.0002980424033012241, 0.0008978292462415993, 0.9042909741401672, 2.299034531461075e-05, 0.07478668540716171, 0.01969072036445141], [7.906059909146279e-05, 2.406767634965945e-06, 0.8538728952407837, 5.499062353919726e-06, 0.00048700554179959, 0.0471566841006279, 0.09839650243520737], [0.005223958287388086, 0.8824262619018555, 0.0003274631453678012, 0.002247579861432314, 0.03701666370034218, 0.0012677137274295092, 0.07149039953947067], [0.9985072016716003, 5.620529918815009e-05, 0.001270571257919073, 2.8849408408859745e-05, 4.942963869325467e-07, 1.8178788252498634e-07, 0.00013655003567691892], [1.53937821778527e-06, 0.00024802485131658614, 1.0620979992381763e-05, 0.9997095465660095, 1.9651923821584205e-07, 2.9164262741687708e-05, 8.107892313091725e-07]], [[2.874860904888976e-10, 1.1350279827126997e-08, 9.449830713492702e-07, 7.838990859454498e-05, 1.7405797052560956e-06, 0.9999123811721802, 6.5870967773662414e-06], [4.5034580580249894e-06, 0.0003237093915231526, 5.997780135658104e-06, 0.0008052198099903762, 0.9973134398460388, 0.0015459541464224458, 1.161580030384357e-06], [3.450391545811726e-07, 0.008020504377782345, 2.896964588217088e-06, 0.9880011677742004, 5.3252882935339585e-05, 0.0009752642945386469, 0.002946720691397786], [2.9573113351943903e-05, 3.6224355426384136e-06, 0.9978300929069519, 0.00010403175838291645, 0.0009615609305910766, 0.0010705821914598346, 4.855818929172528e-07], [2.868685442081187e-06, 0.9998264908790588, 3.662334213672125e-09, 5.7931276387535036e-05, 0.0001123383772210218, 7.144699942784882e-09, 3.219198845272331e-07], [0.9989525079727173, 8.657232683617622e-05, 0.0009377620299346745, 4.777917638421059e-06, 9.462090929446276e-06, 1.3712355695361111e-09, 8.984948181023356e-06], [0.014027230441570282, 6.194036814122228e-06, 1.4578486116079148e-05, 5.823813467031869e-07, 4.682797793975624e-07, 0.00016190196038223803, 0.9857890009880066]]]}, {"input": [5, 7, 9, 8, 9, 5, 10], "target": [5, 9, 8, 9, 7, 5, 11], "pred": [5, 9, 8, 9, 7, 5, 11], "correct": true, "attn_layer0": [[[8.084013458642403e-09, 4.552384780254215e-06, 2.6294230792700546e-07, 0.0002940165577456355, 0.00013044156366959214, 0.9995381832122803, 3.258300421293825e-05], [7.148950680857524e-05, 0.00011515588266775012, 0.00036999754956923425, 1.5334713680204004e-05, 0.9991692304611206, 0.0002569794887676835, 1.9206825072615175e-06], [6.156589051897754e-07, 7.904630183475092e-05, 6.979387762839906e-06, 0.9997498393058777, 1.3658084753842559e-05, 1.1432171049818862e-05, 0.00013834609126206487], [1.0437495802761987e-05, 4.979385792580615e-08, 0.9999563694000244, 3.4766924272844335e-06, 6.504487828351557e-07, 2.0557969548917754e-07, 2.8799617211916484e-05], [8.58111452544108e-05, 0.9992865920066833, 6.177536306495313e-06, 0.00017698008741717786, 0.0004022532084491104, 2.1250689314911142e-05, 2.1023732188041322e-05], [0.9999809265136719, 1.0592895705485716e-05, 1.3977607693504979e-07, 6.36557558664208e-07, 5.880125399926328e-07, 1.9135668605230194e-09, 7.178983651101589e-06], [0.01202597375959158, 8.084589353529736e-05, 0.0002489701728336513, 0.039836566895246506, 0.07616914063692093, 0.8710768818855286, 0.0005616167327389121]], [[0.00773659348487854, 0.0579521469771862, 0.0037887985818088055, 0.010747749358415604, 0.38045939803123474, 0.5373831391334534, 0.0019321867730468512], [1.6567855976035162e-09, 7.734035989415133e-07, 1.637717739200184e-09, 7.598947249221055e-09, 1.878032174218447e-09, 2.1386894477615215e-09, 0.9999991655349731], [1.4782105608901475e-05, 7.850623660488054e-05, 9.226216934621334e-05, 9.310988389188424e-06, 6.101766757637961e-06, 4.593092671711929e-05, 0.9997530579566956], [0.24245868623256683, 0.00017162880976684391, 0.591421365737915, 0.0014211462112143636, 0.013474647887051105, 0.15102200210094452, 3.057947105844505e-05], [3.6178262234898284e-06, 0.005299500189721584, 0.0005704191862605512, 1.6976822735159658e-05, 8.032371624722145e-06, 4.841354552809207e-07, 0.9941009879112244], [0.012550687417387962, 0.6030959486961365, 0.05956241115927696, 0.033327724784612656, 0.2507258951663971, 0.03320063278079033, 0.0075366864912211895], [2.173616620027019e-09, 2.478935584804276e-06, 2.2932790388896507e-10, 8.076523982936124e-08, 5.562691196558944e-09, 1.3084180849887161e-08, 0.9999973773956299]], [[2.3133246941142716e-05, 0.0007443034555763006, 0.00013557812781073153, 0.002290367381647229, 0.010189400054514408, 0.9732108116149902, 0.013406461104750633], [2.324177785339998e-06, 0.0046933661215007305, 0.0009422783041372895, 3.2420389288745355e-06, 0.15943913161754608, 0.001890706829726696, 0.8330289125442505], [7.893892757238063e-07, 0.002805625554174185, 0.00017895766359288245, 0.9698670506477356, 9.792216587811708e-06, 0.00035982232657261193, 0.026778018102049828], [8.712079875294876e-07, 1.0459088116476778e-05, 0.632141649723053, 0.00022297989926300943, 3.340367766213603e-05, 7.259748235810548e-05, 0.36751818656921387], [7.117562199709937e-05, 0.9965399503707886, 1.2126257388445083e-05, 5.767694892711006e-05, 0.0011185260955244303, 3.4888266782218125e-06, 0.0021971873939037323], [0.9970545768737793, 0.002491716295480728, 0.00023014357429929078, 1.8880815332522616e-05, 0.0001899596391012892, 3.8008411706869083e-07, 1.4399509382201359e-05], [5.0012145038635936e-06, 4.756705311592668e-05, 7.664219083380885e-06, 0.9997977614402771, 2.6830338129002484e-07, 0.00014021125389263034, 1.636400611459976e-06]], [[9.326973859913323e-09, 3.362406886253666e-08, 6.551350452355109e-06, 4.749169238493778e-05, 3.492202813504264e-05, 0.999656081199646, 0.0002548789489082992], [8.399018952331971e-06, 2.6383824661024846e-05, 2.962808321171906e-05, 1.4103609373705694e-06, 0.9998717308044434, 6.200568896019831e-05, 4.7264472868846497e-07], [5.2706138120584e-08, 0.0012322382535785437, 6.990807488449491e-09, 0.9986843466758728, 1.1206427643628558e-06, 3.4788972698152065e-05, 4.75173001177609e-05], [1.2689938557741698e-05, 1.389896283399139e-06, 0.9997950196266174, 2.2712512759426318e-07, 0.00017633473908063024, 1.3824479538016021e-05, 4.958518502462539e-07], [7.807911060808692e-06, 0.9996528625488281, 8.438330034721275e-10, 0.00030267296824604273, 3.6476387322181836e-05, 5.752811915726852e-08, 7.044702243774736e-08], [0.9981487989425659, 0.00010287966870237142, 0.000764552503824234, 1.607458762009628e-05, 8.374002936761826e-05, 5.792828439155073e-09, 0.0008839633665047586], [0.0027037772815674543, 8.156018338922877e-06, 1.4339383596961852e-05, 4.947330012328166e-07, 9.566014114170684e-07, 0.00021536674466915429, 0.9970569610595703]]]}, {"input": [9, 3, 0, 3, 9, 3, 10], "target": [3, 9, 3, 0, 3, 9, 11], "pred": [3, 9, 3, 0, 3, 9, 11], "correct": true, "attn_layer0": [[[5.54423911294788e-12, 2.926973365902086e-07, 3.940598602980572e-08, 2.3147134925238788e-05, 2.5263473162340233e-06, 0.9999740123748779, 2.409023380778308e-08], [6.4751957324915566e-06, 0.00037600102950818837, 0.001602495671249926, 6.180006494105328e-06, 0.9980021119117737, 5.117731234349776e-06, 1.7200352431245847e-06], [1.5152355445025023e-05, 0.00012872293882537633, 2.7196369956072886e-07, 0.9993444085121155, 7.049759460642235e-06, 4.9777656386140734e-05, 0.00045458434033207595], [7.860243385948706e-06, 1.5697969502070919e-06, 0.9999662637710571, 2.0161494376225164e-06, 4.056167199451011e-06, 5.0855160083074225e-08, 1.819462704588659e-05], [5.868441076017916e-05, 0.9994100332260132, 2.949072040792089e-06, 3.0464992960332893e-05, 0.00047135321074165404, 1.82592555120209e-06, 2.463523742335383e-05], [0.9999982118606567, 6.326477119955598e-08, 3.1522949939244427e-07, 1.835015805973228e-09, 2.6669816577395977e-08, 3.2758661235032793e-12, 1.3547906974054058e-06], [0.006591969169676304, 3.905997800757177e-05, 3.669142097351141e-05, 0.02010776288807392, 0.009253510273993015, 0.9639028310775757, 6.822875729994848e-05]], [[0.00026842119405046105, 6.5900526351470035e-06, 7.855806870793458e-06, 3.091735561611131e-05, 1.1099878065579105e-05, 0.0003342078998684883, 0.999340832233429], [0.016782496124505997, 0.004386983346194029, 0.5512863397598267, 0.01821913570165634, 0.30262690782546997, 0.08389688283205032, 0.022801274433732033], [0.0065511735156178474, 0.08823647350072861, 0.060061976313591, 0.013989723287522793, 0.1505238264799118, 0.5596911907196045, 0.12094567716121674], [0.00029921895475126803, 1.6376310441046371e-06, 0.9975340366363525, 8.410426380578429e-05, 0.0019193993648514152, 0.00016040814807638526, 1.13018904812634e-06], [0.0014663749607279897, 0.00018557065050117671, 0.00010450770059833303, 2.6739469831227325e-05, 8.065480869845487e-06, 1.0063138688565232e-05, 0.9981986880302429], [0.0055205863900482655, 0.005266220308840275, 0.5834425091743469, 0.01082742027938366, 0.36523351073265076, 0.02950207330286503, 0.0002077349490718916], [8.608887469563342e-07, 7.837770681362599e-07, 2.754474252852912e-11, 9.233698392563383e-07, 5.562679206150278e-09, 2.2054730379750254e-06, 0.999995231628418]], [[3.4921174574265024e-07, 9.569511894369498e-05, 0.0001265035680262372, 0.0026790716219693422, 0.00030287413392215967, 0.9914562106132507, 0.0053392499685287476], [7.210902822407661e-06, 0.0020495301578193903, 0.011479265987873077, 6.699890946038067e-05, 0.13043588399887085, 0.00043564895167946815, 0.8555254936218262], [1.7077047687052982e-06, 5.294669244904071e-05, 1.025774054141948e-06, 0.9963226318359375, 8.881580981778825e-08, 0.0007620577234774828, 0.0028595321346074343], [4.6119104979425174e-08, 1.897444121823355e-07, 0.995934009552002, 2.1025387013651198e-06, 3.963767269965501e-08, 5.859512839379022e-07, 0.004063028376549482], [0.0014785989187657833, 0.9816345572471619, 0.00019712958601303399, 0.0006848186021670699, 0.0053865183144807816, 3.733974517672323e-05, 0.0105810621753335], [0.9989008903503418, 7.550165173597634e-05, 0.0009980262257158756, 7.75585704104742e-06, 2.576691485955962e-06, 1.2281251571266694e-08, 1.5217602594930213e-05], [8.396014163736254e-05, 0.0004566734714899212, 4.112105671083555e-06, 0.9985778331756592, 3.015802803929546e-06, 0.0008560064015910029, 1.8393588106846437e-05]], [[8.745797142051259e-11, 1.6626891863325e-07, 1.5940715059059585e-07, 0.00013754401879850775, 7.675449182897864e-07, 0.9998586177825928, 2.6936438644042937e-06], [0.00011357633047737181, 5.468861127155833e-05, 9.302179933001753e-07, 3.410804129089229e-05, 0.9997854828834534, 1.0883281902351882e-05, 3.2177348430195707e-07], [7.864292683734675e-08, 0.001099015586078167, 6.377045558281225e-09, 0.9986340403556824, 6.068790298741078e-06, 0.00022935734887141734, 3.131039557047188e-05], [0.0014335649320855737, 5.616742782876827e-06, 0.9979004859924316, 4.271536090527661e-05, 0.0005912310443818569, 2.496166962373536e-05, 1.426136464033334e-06], [8.369106581085362e-06, 0.9995121955871582, 9.117925858781462e-10, 0.000391113426303491, 8.830156730255112e-05, 2.212469674134354e-08, 1.7053724832294392e-07], [0.9999339580535889, 2.3245200281962752e-05, 3.746674337889999e-05, 7.757175808364991e-07, 1.3119761206326075e-06, 1.893500356509037e-10, 3.209264832548797e-06], [0.0011453420156612992, 1.3334574759937823e-05, 0.00011319189798086882, 1.958001348612015e-06, 9.579327979736263e-07, 0.00028057213057763875, 0.9984446167945862]]]}, {"input": [8, 1, 9, 3, 2, 7, 10], "target": [7, 2, 3, 9, 1, 8, 11], "pred": [7, 2, 3, 9, 1, 8, 11], "correct": true, "attn_layer0": [[[8.354778535668572e-10, 2.5803413450375956e-07, 8.348089068022091e-06, 0.0008389511494897306, 1.3901154488848988e-05, 0.998981773853302, 0.00015673589950893074], [0.00018641214410308748, 0.0006533978739753366, 0.0001020871932269074, 1.818799864850007e-05, 0.9990359544754028, 3.7084146242705174e-06, 1.9111041638097959e-07], [2.955029003715026e-06, 1.1098327377112582e-05, 3.0637927466159454e-06, 0.9998656511306763, 1.2979318853467703e-05, 4.336932397563942e-05, 6.07307993050199e-05], [0.00012409397459123284, 1.3767117707175203e-05, 0.9998008608818054, 2.7882692847924773e-06, 3.328468665131368e-05, 6.995036017087841e-08, 2.5162580641335808e-05], [4.6253799155238084e-06, 0.9999128580093384, 3.6846455486738705e-07, 5.646514637192013e-06, 1.9562923625926487e-05, 3.6730764350068057e-06, 5.332079672371037e-05], [0.9999797344207764, 3.031271376130462e-07, 3.455604655755451e-06, 5.862936092171367e-08, 2.7223588858760195e-06, 5.033970129630916e-09, 1.3670426596945617e-05], [0.01284166518598795, 6.882894012960605e-06, 0.00017981491691898555, 0.11954046040773392, 0.013094058260321617, 0.8539314866065979, 0.00040561932837590575]], [[0.0010511592263355851, 0.005190080497413874, 0.012980727478861809, 0.018720345571637154, 0.8118385076522827, 0.14980414509773254, 0.000415090995375067], [0.0047770612873137, 0.002949217800050974, 0.5456605553627014, 0.003617436159402132, 0.0006941106403246522, 0.04073116555809975, 0.4015704393386841], [4.115919000469148e-05, 4.7900877689244226e-05, 9.211587894242257e-05, 1.211427752423333e-05, 2.647325118232402e-06, 0.0016362137394025922, 0.998167872428894], [0.014839105308055878, 2.193085674662143e-05, 0.9630300402641296, 0.0008512019994668663, 0.012939590029418468, 0.008306620642542839, 1.1438394722063094e-05], [0.11127026379108429, 0.0317528136074543, 0.814907968044281, 0.018606984987854958, 0.012098723091185093, 0.00733589893206954, 0.004027407616376877], [9.016409308060247e-07, 3.26564395436435e-06, 2.7276236380657792e-08, 1.305735054302204e-06, 4.478644655137032e-08, 2.7071759177488275e-05, 0.9999673366546631], [4.537812969829247e-08, 1.3493144024323556e-06, 2.2932630794336717e-10, 9.233654054696672e-07, 1.170785068893565e-08, 7.231998552015284e-06, 0.9999904632568359]], [[3.0703836273460183e-06, 3.694664201248088e-06, 0.00011464556155260652, 0.009620527736842632, 0.0003459771687630564, 0.9822984933853149, 0.007613589055836201], [2.652193325047847e-05, 0.016163742169737816, 0.0002893417840823531, 0.000688590866047889, 0.49705779552459717, 0.12835760414600372, 0.3574163615703583], [1.581180731591303e-05, 0.0006967524532228708, 0.00015019634156487882, 0.965552806854248, 9.629929081711452e-06, 0.011100288480520248, 0.02247435599565506], [1.1822462511190679e-05, 6.470947846537456e-05, 0.7424188256263733, 0.000133152338094078, 3.278750568824762e-07, 6.235269393073395e-05, 0.25730881094932556], [0.0009653864544816315, 0.9820627570152283, 0.000140767777338624, 0.001273423433303833, 0.010606489144265652, 0.001671093748882413, 0.00328015792183578], [0.9994888305664062, 2.861611937987618e-05, 0.0004127289284951985, 8.829946636979003e-06, 4.479079143493436e-05, 5.904400381950836e-07, 1.559130396344699e-05], [0.0002766856923699379, 0.0007314725080505013, 8.608883217675611e-05, 0.9978931546211243, 1.6139340004883707e-05, 0.0009779524989426136, 1.838097523432225e-05]], [[1.2523809767017724e-10, 1.718582893772691e-07, 1.1059843018301763e-05, 1.5484567484236322e-05, 3.143138383165933e-05, 0.9998624324798584, 7.93378203525208e-05], [4.3289957829983905e-05, 7.900211494415998e-05, 7.68480749684386e-05, 0.00011995974637102336, 0.999607503414154, 7.146379357436672e-05, 1.8852078937925398e-06], [1.2766744816872233e-07, 0.0001812917907955125, 4.092294947355413e-09, 0.9997249245643616, 1.8199457372247707e-06, 6.406377360690385e-05, 2.781578768917825e-05], [0.0008524631848558784, 4.412552698340733e-06, 0.9989489912986755, 2.135977047146298e-05, 0.0001134250414907001, 5.868128209840506e-05, 7.13138092578447e-07], [1.0978647878800984e-05, 0.995884120464325, 5.3970321545193656e-08, 0.0029734342824667692, 0.0011278523597866297, 3.213358013454126e-06, 5.020448270443012e-07], [0.9998952150344849, 2.735532689257525e-05, 6.384764856193215e-05, 1.0124116300858077e-07, 5.1387814892223105e-06, 1.7885529723926652e-09, 8.374925528187305e-06], [0.0009586201049387455, 3.0359686206793413e-05, 1.4365168681251816e-05, 1.9587960196076892e-06, 1.3468618362821871e-06, 0.00014343396469485015, 0.9988498687744141]]]}, {"input": [8, 1, 9, 6, 9, 1, 10], "target": [1, 9, 6, 9, 1, 8, 11], "pred": [1, 9, 6, 9, 1, 8, 11], "correct": true, "attn_layer0": [[[3.467184317429428e-10, 1.0708266273695699e-07, 3.4644083370949375e-06, 2.0433257304830477e-05, 5.528785095521016e-06, 0.9999053478240967, 6.504447810584679e-05], [0.00018230167916044593, 0.0006389901391230524, 9.983612835640088e-05, 5.58124020244577e-06, 0.9990566372871399, 1.642278948565945e-05, 1.8689632952373358e-07], [5.672676707035862e-05, 0.00021305112750269473, 5.881467222934589e-05, 0.9980841875076294, 0.00011509545583976433, 0.0003063994809053838, 0.0011658306466415524], [0.00016837155271787196, 7.895962426118786e-07, 0.9998039603233337, 1.4214549537427956e-06, 2.25150852202205e-05, 1.2095838428649586e-06, 1.7323513930023182e-06], [1.8784430722007528e-06, 0.9999798536300659, 2.1565834629200253e-07, 1.6989718005788745e-06, 1.404268914484419e-05, 1.5259129213518463e-06, 7.339397143368842e-07], [0.9999997615814209, 7.3529871080779685e-09, 2.4040270218961268e-08, 2.3629999645891075e-07, 7.387526590463267e-09, 2.1602233890583022e-12, 5.532097091531796e-08], [0.027272745966911316, 1.4617687156714965e-05, 0.0003818856202997267, 0.503119170665741, 0.1168329045176506, 0.3515172004699707, 0.0008614424150437117]], [[0.0008809838909655809, 0.004349842667579651, 0.010879243724048138, 0.0067012426443398, 0.6848137378692627, 0.292027086019516, 0.0003478906874079257], [0.004936650395393372, 0.0030477435793727636, 0.5638896822929382, 0.0014394324971362948, 0.00859900377690792, 0.0031016506254673004, 0.41498586535453796], [4.1184830479323864e-05, 4.79307200293988e-05, 9.217326442012563e-05, 4.041246029373724e-06, 6.09588732913835e-06, 0.001018911018036306, 0.9987897276878357], [0.034399375319480896, 3.703051561387838e-06, 0.9284420013427734, 0.0038091572932899, 0.03111765906214714, 0.0022277208045125008, 3.1399991939906613e-07], [9.563122875988483e-05, 0.00038138116360642016, 0.0005731742712669075, 1.7131596905528568e-05, 8.071167030720972e-06, 2.218761801486835e-05, 0.998902440071106], [0.02882654406130314, 0.011727558448910713, 0.9036412835121155, 0.006446218118071556, 0.032176677137613297, 0.0032805525697767735, 0.013901104219257832], [4.53783428611132e-08, 1.3493206552084303e-06, 2.2932737653302837e-10, 1.4633870648594893e-07, 5.5626787620610685e-09, 3.3871874620672315e-06, 0.9999951124191284]], [[4.200829152978258e-06, 5.054955636296654e-06, 0.0001568556035635993, 0.002939381403848529, 0.0011310611153021455, 0.985346794128418, 0.010416748933494091], [9.73120222624857e-07, 0.0005930668557994068, 1.0616286999720614e-05, 1.952767206603312e-06, 0.9861483573913574, 0.00013100585783831775, 0.013114029541611671], [9.42974875215441e-05, 0.004155251197516918, 0.0008957316749729216, 0.8413838744163513, 4.901274587609805e-05, 0.01939050294458866, 0.1340312361717224], [3.779782127821818e-05, 1.0698980076995213e-05, 0.7970604300498962, 2.849879479072115e-07, 1.2460311154427473e-05, 0.0033805484417825937, 0.19949784874916077], [0.0005934421205893159, 0.9769908785820007, 8.117524703266099e-05, 0.00010204637510469183, 0.007487605791538954, 3.660565198515542e-05, 0.014708348549902439], [0.9999366998672485, 3.404806921025738e-05, 3.7725803849752992e-06, 1.6750729628256522e-05, 8.44563874125015e-06, 1.332836063738796e-08, 1.153034148160259e-07], [2.2207015717867762e-05, 5.8708574215415865e-05, 6.909559033374535e-06, 0.9998015761375427, 2.418848055185663e-07, 0.00010893389844568446, 1.4752719152966165e-06]], [[4.530193928320436e-11, 6.216558290361718e-08, 4.0006302697292995e-06, 1.4027391443960369e-06, 1.4000375813338906e-05, 0.9999518394470215, 2.869853597076144e-05], [1.3534394383896142e-05, 2.4699626010260545e-05, 2.402617610641755e-05, 3.577064489945769e-05, 0.9998695850372314, 3.188140181009658e-05, 5.894011110285646e-07], [1.193188126080713e-07, 0.00016943630180321634, 3.8246881217673945e-09, 0.9997915625572205, 6.131058967184799e-07, 1.2270061233721208e-05, 2.599681101855822e-05], [9.996944754675496e-06, 1.0345549128487619e-07, 0.9998867511749268, 1.4200685427567805e-06, 4.028269540867768e-05, 6.14404707448557e-05, 3.542506021858571e-08], [3.4003435303020524e-06, 0.9993304014205933, 1.077096634105601e-09, 0.0006194172310642898, 4.655959128285758e-05, 2.1318086851351836e-08, 8.992076061531407e-08], [0.9999924898147583, 1.3755311556451488e-06, 4.207684469292872e-06, 4.4868866666547547e-07, 1.8432577064686484e-07, 1.8678875113309346e-10, 1.2313495290072751e-06], [0.0009581475169397891, 3.0344719561981037e-05, 1.4358087355503812e-05, 3.298966703368933e-06, 9.578491244610632e-07, 0.0006354063516482711, 0.9983574748039246]]]}, {"input": [5, 9, 4, 3, 4, 4, 10], "target": [4, 4, 3, 4, 9, 5, 11], "pred": [4, 4, 3, 4, 9, 5, 11], "correct": true, "attn_layer0": [[[3.859466968236802e-09, 1.8795579990182887e-06, 1.8841443250039447e-07, 0.000886568333953619, 6.50512010906823e-05, 0.9990307092666626, 1.5555768186459318e-05], [3.099342211498879e-05, 5.586956467595883e-05, 6.964872591197491e-05, 8.16824467619881e-06, 0.9998199343681335, 1.5415324014611542e-05, 3.0697737685159154e-08], [3.208684233868553e-07, 3.767350790440105e-05, 8.676165452925488e-05, 0.9996106028556824, 9.19063404580811e-06, 4.494739550864324e-05, 0.00021058396669104695], [0.0001651821075938642, 1.7078527889680117e-06, 0.9997652173042297, 5.582381618296495e-06, 1.1955166883126367e-05, 4.596051184080352e-08, 5.03778901475016e-05], [4.439743861439638e-06, 0.9999867677688599, 2.6207743530903826e-07, 3.1376362130686175e-06, 6.060016062292561e-07, 4.3505259839093924e-08, 4.914765668218024e-06], [0.9999760389328003, 9.137760571320541e-06, 1.2103972949262243e-05, 1.1390785203957421e-07, 3.8582223282901396e-07, 2.2123978205002004e-09, 2.145189910152112e-06], [0.00032468035351485014, 4.837095275433967e-06, 4.906018148176372e-05, 0.004468608181923628, 0.011683177202939987, 0.9834544658660889, 1.5162680938374251e-05]], [[0.022541332989931107, 0.7584280371665955, 0.0013651176122948527, 0.05739664286375046, 0.10695771127939224, 0.04768146947026253, 0.0056296177208423615], [5.485495080392866e-07, 2.1846374238521094e-06, 5.412441623775521e-06, 1.3150752238288987e-06, 1.4112539759025822e-07, 5.945390057604527e-06, 0.9999845027923584], [0.1724839061498642, 0.019281474873423576, 0.16028209030628204, 0.009556014090776443, 0.05445122718811035, 0.5427681803703308, 0.04117707163095474], [0.024270132184028625, 4.627880514362914e-07, 0.9430285692214966, 2.3539136236649938e-05, 0.02927754633128643, 0.0033995339181274176, 3.1631776664653444e-07], [0.035012416541576385, 0.41324231028556824, 0.4476427137851715, 0.014659774489700794, 0.03560112044215202, 0.023197000846266747, 0.030644647777080536], [0.18617160618305206, 0.02077576331794262, 0.5509200096130371, 0.011455118656158447, 0.11141915619373322, 0.10788382589817047, 0.011374570429325104], [2.1736181743392535e-09, 8.743832609070523e-07, 1.5414156062654172e-11, 9.233724540536059e-07, 2.351980277204291e-10, 7.526904255428235e-08, 0.9999980926513672]], [[2.3226322809932753e-05, 0.0003773049102164805, 0.00016170999151654541, 0.018909147009253502, 0.009793635457754135, 0.9572744965553284, 0.013460401445627213], [1.1315413530610385e-06, 0.00033698120387271047, 0.0003016508708242327, 7.646486665180419e-06, 0.9374075531959534, 0.005221358500421047, 0.05672365427017212], [2.8833479603918022e-08, 2.3300404791370966e-05, 0.001640013768337667, 0.773135244846344, 1.2588920981215779e-06, 0.01752861775457859, 0.20767149329185486], [6.299064048143066e-10, 3.031427411315235e-07, 0.9910658001899719, 4.568319582176628e-06, 7.522740816057194e-06, 9.36377837206237e-05, 0.008828000165522099], [5.7992197980638593e-05, 0.1693250685930252, 0.00175564328674227, 0.00584028847515583